exacpu_compile_status=ok
exacpu_compile_time=1041.54
exacpu_constr_viol=0.004417408211283558
exacpu_error=
exacpu_iter=15
exacpu_ncon=459090
exacpu_nvar=459103
exacpu_objective=301.00549737342703
exacpu_petab_obj=309.37050810628745
exacpu_presolve_time=136.53
exacpu_sgm_solve_time=627.25
exacpu_sgm_status=ok
exacpu_solve_status=ok
exacpu_solve_time=875.1
exacpu_solve_times=631.74,631.13,627.35,621.68,624.4
exacpu_term_status=SOLVE_SUCCEEDED
