exacpu_compile_status=ok
exacpu_compile_time=40.27812099456787
exacpu_constr_viol=3.4842136994955326
exacpu_error=
exacpu_iter=89
exacpu_ncon=724433
exacpu_nvar=724489
exacpu_objective=2.0530051646324735e7
exacpu_sgm_error=first solve term=MAXIMUM_WALLTIME_EXCEEDED∉{SUCCEEDED,ACCEPTABLE}; SGM skipped
exacpu_sgm_status=skipped
exacpu_solve_status=ok
exacpu_solve_time=907.6909699440002
exacpu_term_status=MAXIMUM_WALLTIME_EXCEEDED
exacpu_theta_star=1.5857358392534429,1.8844814344524552,1.6513350559930897,-1.2576721377521753,-1.425357476714696,-4.24712470719188,-2.0521494855322326,-4.279268926225921,-4.2314607865464104,-2.1180951461759245,2.9832536968145202,-0.7158080496093772,-0.3409237584536903,-0.8458966635210527,-1.264462276452802,-0.31224933773351243,-1.4305108709718968,0.9999855314743886,0.8188290694226258,0.759253412408394,0.43286287298179127,-2.5913979874539685,-2.1064353681786248,-4.14363933563895,-4.143991919518529,2.4638453428625278,-0.992333064366062,-0.3798250174649558,-0.8527154952558152,-4.2545418988219605,-4.162616646363815,-0.8773860069401324,0.5413445762242313,0.2981323244034453,1.2484427958837527,-0.05307090478464176,-0.0009846779955601254,0.12349750170942878,-0.4293673654130528,-0.04854430707207936,0.5360601863304977,0.06210438038595455,0.21398765462948166,1.2413716937685562,-0.9997756665250095,-1.0033723399031758,-0.1930373238497285,-0.5274335414911828,-0.9897543461786541,0.057414391101176646,-0.1426276446922034,-0.7568625340398549,0.034440079523213686,-0.7522046792043309,-0.19527308928811418,-0.918702036228575
exagpu_compile_status=ok
exagpu_compile_time=52.59585094451904
exagpu_constr_viol=0.03683255818276271
exagpu_error=
exagpu_iter=1002
exagpu_ncon=724433
exagpu_nvar=724489
exagpu_objective=393620.8751231123
exagpu_sgm_error=first solve term=MAXIMUM_WALLTIME_EXCEEDED∉{SUCCEEDED,ACCEPTABLE}; SGM skipped
exagpu_sgm_status=skipped
exagpu_solve_status=ok
exagpu_solve_time=901.589262008667
exagpu_term_status=MAXIMUM_WALLTIME_EXCEEDED
exagpu_theta_star=1.6603925253803313,1.6357250082260193,1.8022324774724068,-1.0212370988778017,-1.4619659534419585,-2.769500930024204,-1.6789909322363155,-4.348968869337623,-3.625843794594196,-2.3347485977816533,-0.14589673435738137,-0.7166364504588967,-0.052169559139569346,-1.0757264379114013,-0.8878666321355981,0.4646195902814347,0.2927746499817757,0.8385338020523377,0.8874010255429685,0.9323915975985053,0.5932998700768524,-2.183697460227678,-2.1461988861975123,-2.6211826662643216,-1.966842688622188,2.0627606856457916,-0.9181687448452046,-0.6757371046609348,-0.9563311136305458,-3.049438024750416,-2.274539831338345,-0.80173808132405,0.1733723026943636,0.2671346606838781,1.2068010714066015,-0.11905437479689766,-0.1306431111026162,0.0911547277337576,-0.6881539241140486,-0.11620880181336891,0.5448778523519727,0.02062785164924271,0.07794735698026019,-0.6911564969326748,-0.9974713159797419,-1.0160801439717133,-0.7344519056715043,0.3609076295261491,-0.9391994275049298,0.8550627740183945,0.6586318200317516,-0.9358840680999759,0.7515397244763274,-0.8941805972064135,-0.9135446116687853,-0.9627722028949863
