exacpu_compile_status=ok
exacpu_compile_time=59.26150703430176
exacpu_constr_viol=0.00016349997299389455
exacpu_error=
exacpu_iter=5497
exacpu_ncon=5113
exacpu_nvar=5163
exacpu_objective=2.3781684040588936e10
exacpu_sgm_error=first solve term=SEARCH_DIRECTION_BECOMES_TOO_SMALL∉{SUCCEEDED,ACCEPTABLE}; SGM skipped
exacpu_sgm_status=skipped
exacpu_solve_status=ok
exacpu_solve_time=181.97826600074768
exacpu_term_status=SEARCH_DIRECTION_BECOMES_TOO_SMALL
exacpu_theta_star=0.03303910752191765,-2.9973870628782056,0.4061173169599989,-1.2011072845866555,-1.3987620872016373,-2.9894580607187278,-2.999924868113723,-1.3890539218540567,-2.99997969256718,-1.2947455660472842,-1.8591757596479288,-1.124961358151819,-1.784269965172419,-0.603114891857319,-1.5145528778317106,-0.957567676709177,-0.4072322043073632,-0.47310920903961345,-0.6955514629356464,-2.1308907603091702,-2.181489700566854,-2.1308907603091702,-2.181489700566854,-0.8533810574119035,-0.7156193675834559,-1.4346563989378216,-1.5560223583030566,-0.5697034574554302,-0.7156193675834559,-0.9609417902205601,-1.7069716916833253,-1.6435124159107293,-1.0911133165210891,-1.9996421180485369,-1.7557211239357868,-1.7069716916833253,-1.6435124159107293,-1.7069716916833253,-1.91315590821021,-1.7069716916833253,-1.6435124159107293,-1.4346563989378216,-1.5560223583030566,-8.000000079996513,-7.999974195261714,-8.000000079592335,-8.000000079305197,-8.000000079148874,-8.000000079265007,-8.00000007896075
exagpu_compile_status=ok
exagpu_compile_time=55.69375491142273
exagpu_constr_viol=0.0003892397774449642
exagpu_error=
exagpu_iter=991
exagpu_ncon=5113
exagpu_nvar=5163
exagpu_objective=2.0076235359520397e10
exagpu_sgm_error=first solve term=SEARCH_DIRECTION_BECOMES_TOO_SMALL∉{SUCCEEDED,ACCEPTABLE}; SGM skipped
exagpu_sgm_status=skipped
exagpu_solve_status=ok
exagpu_solve_time=40.90375089645386
exagpu_term_status=SEARCH_DIRECTION_BECOMES_TOO_SMALL
exagpu_theta_star=0.9999748204958944,-1.6088410262759696,-1.0330935531851788,-3.0000000139533087,-3.0000017054424952,-2.782256533193955,-2.9999710903964427,-2.9999823918814688,-2.9999896035655538,-1.0539322974335432,-3.000001602321283,-2.992068422151835,-1.5804519583641368,-0.9757213365448313,-1.0225433388083593,-1.8885829967578924,-0.470192453177349,-0.5300834262675506,-0.7299897406790467,-1.9258212632099363,-1.9586256829903026,-1.9258212632099363,-1.9586256829903026,-0.8702561952518312,-0.7478803880105682,-1.3791647988796858,-1.4825230363121538,-0.6172922957135055,-0.7478803880105682,-0.9654592020147273,-1.6081143055450577,-1.5558133290776388,-1.0803486887977447,-1.8349068091584173,-1.6476901256440268,-1.6081143055450577,-1.5558133290776388,-1.6081143055450577,-1.7709188480707483,-1.6081143055450577,-1.5558133290776388,-1.3791647988796858,-1.4825230363121538,-8.000007997731876,-8.00000794594416,-8.000007882884724,-8.000007884141903,-7.998916918052032,-8.000007832525545,-8.000007890095198
