exacpu_compile_status=ok
exacpu_compile_time=26.756014108657837
exacpu_constr_viol=
exacpu_error=InexactError: Int32(2.179034292e9)
exacpu_iter=
exacpu_ncon=692722
exacpu_nvar=693016
exacpu_objective=
exacpu_solve_status=error
exacpu_solve_time=
exacpu_term_status=
exacpu_theta_star=
exagpu_compile_status=ok
exagpu_compile_time=28.3158700466156
exagpu_constr_viol=611942.2497711182
exagpu_error=
exagpu_iter=278
exagpu_ncon=692722
exagpu_nvar=693016
exagpu_objective=1312.504153836129
exagpu_sgm_error=first solve term=MAXIMUM_WALLTIME_EXCEEDED∉{SUCCEEDED,ACCEPTABLE}; SGM skipped
exagpu_sgm_status=skipped
exagpu_solve_status=ok
exagpu_solve_time=901.691930770874
exagpu_term_status=MAXIMUM_WALLTIME_EXCEEDED
exagpu_theta_star=-31.563246829228355,-29.313029712957906,-6.030112653030068,-31.206571887253425,15.85829817037185,1.1558254647870823,-7.284297679176899,-6.677409727821387,-28.30240680209339,14.490529234579625,2.6527279672216926,-7.273587728082933,-43.11270898708239,-26.687115222958454,-27.829472100585935,14.091144681284357,1.3921287024289255,-11.018235403823013,-10.26015937243944,-5.196018040573063,-41.55527604672622,-30.441104073321277,-13.040785994238467,13.316404109998505,-1.4877401495595137,-22.9748211760695,-28.00935752523505,-38.928721119712634,-4.722826807938866,-31.174946902251378,-43.90312977306039,-45.090895230539076,-4.688884190572701,-21.21756208199607,-14.707300283507402,-22.958192473186074,-44.008460865254136,-43.926250032150904,-35.23392249317419,-33.20905691258455,-30.58561159163928,-18.227772136050458,15.020294546431744,2.286777826605161,-12.684096865568918,-32.357229683346084,-33.241313605421276,-30.7591425584627,-5.733960979245386,-27.71223116632867,-4.644377540277259,-28.03598635364072,-48.24949125648361,-27.368656848454616,-31.621005754220132,-28.40537834623487,-25.242258340046842,-32.3812170670627,-30.10795960817369,-25.995915457631835,-7.303378764395248,-24.896653622228197,12.594834939845294,-2.533788066927843,-11.629900398806942,-46.79405997674587,-0.2071331552551973,-20.664994795306466,-28.978094898358844,-26.820737668301252,-25.915423132519546,13.068525152115326,0.22408326245550625,-15.927415768837268,-27.85792171205585,-25.540390399833115,-3.319926915124205,-25.386054975259878,-1.5596480823076935,-23.664977418555452,-1.2237576547947722,-32.053869746938716,-37.35973744784837,-31.40328410089408,-24.491188508361695,-33.38339299849325,-53.83960660316802,16.38334913014893,-8.594176792536379,-28.196654984281455,-23.723010773785727,-1.8971239850421369,18.59311685137203,-0.2231409055257318,-6.870581730686047,-32.999761090613916,-27.884623861248482,-21.815339760058936,-31.47538545907095,-32.31523451725132,-29.8566451502236,-5.86892132094574,-23.858259632482845,-6.195981871044112,14.41792382958319,0.2113326223599458,-6.621305687241826,-31.124333757814952,-30.376773121076226,-6.394571716317129,-32.57125588021736,-18.353022088880387,-35.07991652823587,-2.283571352986446,-8.215024064831008,-2.102685774729109,-4.118849838001282,-3.3466478347969963,0.08596429920766215,-3.275058103794593,-3.774474074745085,-2.968056446730591,-5.181760327221657,4.135225484325545,0.7274318264957086,-2.4317713584748093,-1.5669475946146003,-5.624082270745307,-5.69714744113393,-17.76090706631201,-4.9150389429252686,-13.273111816648221,-6.002111425836737,-16.762353649437628,11.728904495569024,-15.581982855334585,-5.499548741278024,-6.232118517637998,-6.0024175062011675,-6.223751774808738,-3.5124238011863693,-4.273215136507418,-2.5246978635942225,-6.301775123955814,-1.1077315096471712,-3.807273472161306,-6.4402015233560785,-7.673189323242779,-5.40473843948196,0.8764631232073946,0.50682065051422,-6.786940399553024,0.7038686565905635,-3.213823680908183,15.893651878296277,-2.2771503754233886,-11.30590658733789,1.3309893949447578,-2.500911954384493,-15.407490371870383,-0.05667117065484007,0.6071957789488425,0.07583140786709816,-6.400996078772736,3.756446235931885e9,812605.8546512309,36394.00468274993,26445.91687110236,3.726494723329552e8,3.455737018187793e10,8.91369752240934e6,5.684341692926212e10,178129.9929424077,4.491824171166321e9,3.009047491180029e10,1.047845519562996e10,5.1750396438211355e9,1.0970513649469252e10,1.752462188720445e10,1.0613666591664588e9,5.5091151512215004e10,5.986519620609039e9,1.528802471343172e6,3.688639029122715e8,1.833907682023382e10,8.687065248369303e9,3.762292620754633e7,1.2778999997100374e11,7.437732252919293e9,2.4193000878013873e9,6.5253601996709206e10,1.7087700000211075e11,2.898559999763425e11,4.426480004193445e11,1.2333360340964936e8,5.097649999986454e11,1.3275047370929304e10,8.654516116645334e8,9.042215797346947e8,7.232825338028739e9,335.991362502685,4.128326631383135e9,2.4350554306352722e10,7.485295633342622e9,5.830088791659573e9,1.5993447417396424e9,5.271656620588923e7,8.71367567489432e9,2.6489266795595356e10,8.138941760813913e10,1.667527627261965e10,3.59046588746493e10,2.306982700299673e10,5.993777385972897e9,1.1318049468689604e8,7.429699861452611e10,2.283782812909304e9,8.081338148564113e10,1.664992351402127e10,2.2189755419590092e8,8.647046134876449e8,1.21184965695118e10,9.394222306727756e6,4.7385700042212286e11,3.117397502957068e9,5.895780000109865e11,2.150737905156984e10,8.877598407335289e9,2.917159999937823e11,5.114560004292428e11,7.461380000013029e11,1.8020903766897917e7,3.6973000021183704e11,96853.12313714741,1.2272486230661997e10,4.137239550571985e10,6.173058606199591e9,281878.0347900609,2.6447549234919137e8,61462.19903734306,1.0748436039683168e9,5.718340368291369e9,186430.28863793978,2623.6755314600514,25324.725004277218,5019.544134563061,14.97498609642907,4742.025094582295,5.66732956201532e8,8.490024610675741e9,4.332312127839956e10,3.466768865621469e10,2.1615284387262962e10,1.1514534023137896e9,0.9175025946524484,17.005309317811257,171436.53338334383,27346.48120759843,5.99492112916419e9,12.197621000190772,17.492452691448044,0.15089883596214257,0.26373966863611903,0.30971829228114295,0.35510725825519707,0.0465831703297442,0.16175989041547578,0.2833104881248704,0.25924942106492227,5.116690661297605e-11,4.124451126796311e-12,1.4462356796433213e-11,6.071906204396787e-12,6.794089126662653e-12,1.755194729581242e-11,4.668599448324489e-12,1.3132559149968163e-10,0.08403772024201905,0.8203338981401649,0.8199898831621247,0.8201039715624401,0.820290732993302,0.8201398914934379,0.8199847773382274,0.8208805750313962,0.822390795989537,0.7371799192726708,0.7608106361311969,0.7406754499994082,0.7618983833529308,0.0010435270268711922,0.7451755395569852,0.7429673384456067,0.7315604522772247
