exacpu_compile_status=ok
exacpu_compile_time=50.13820195198059
exacpu_constr_viol=2.3300266974501938e-5
exacpu_error=
exacpu_iter=37
exacpu_ncon=954415
exacpu_nvar=954551
exacpu_objective=608.7056056208481
exacpu_sgm_error=first solve term=MAXIMUM_WALLTIME_EXCEEDED∉{SUCCEEDED,ACCEPTABLE}; SGM skipped
exacpu_sgm_status=skipped
exacpu_solve_status=ok
exacpu_solve_time=923.551971912384
exacpu_term_status=MAXIMUM_WALLTIME_EXCEEDED
exacpu_theta_star=-0.661610683482711,-0.4938518887889734,-1.3597339134443347,-0.0036949952538478594,0.8262316104499852,0.2179272472735713,0.417812985134049,-1.5429351609714452,-0.5391360267039731,-0.19230188394382985,-0.5361406099933559,-0.5812609342523787,2.9871379618895912,-0.25902798072994865,-1.7469411587521584,-2.9806783337669858,-0.08757919562233193,-0.5190225520037156,2.998797991631242,2.999917601724588,-3.454751916952397,-2.772793640987078,-3.7209483515924395,-4.883934862707449,-0.23263510969399998,0.9485154044868861,-2.6452611112308753,-1.1753224159629037,-1.4895220760974472,-4.589236012972776,-2.7218801075836403,-1.486639529247682,-0.12394754887076367,1.625799996365329,0.2629012767668573,0.10666591975059986,-0.4599117741971373,-0.1267393676452113,0.12844557091172643,0.3828579711923674,0.6534476842258807,-1.5708834158565268,-1.643843122443443,-1.7592240598444528,-2.9135147457930803,-1.6931582345217349,-2.5596662912434023,-1.7235439441270937,-2.5405264537488286,-1.3636940576677583,-1.3725835001129492,-0.37634759296219966,0.4488917924100386,-0.3558062335457306,-0.04691520373516973,0.08567783609404134,-0.03146980889252622,0.04664114057884046,0.425550875485208,0.38346415302103487,0.32265243214637135,0.3547157909821405,0.2597368306884468,0.3500405832449156,0.30176895626439476,0.24728762959654288,0.16631146495383006,0.2258494534193562,0.4436926543631595,-1.4885819969811462,-1.6478922325869536,-2.402866548984771,-1.3020143634897003,-2.4247675086297895,-1.6222645614224418,-2.7782456067648895,-1.5221153534267007,-2.5010066596684757,-2.389038578210757,-2.469387998757121,-2.034336763930225,-2.524027704465765,-2.357667522381294,-2.4843581858695027,-1.5396775868314745,-2.520349282040256,-1.4874385111021375,-1.5353951548696365,-1.4545487718943795,-1.6365449450415892,-1.5138013667068573,-1.4509791865830677,-1.3432721245820585,-1.564217464401697,-1.5492604190669692,-1.4439008827754052,-1.3423984674952545,-2.1294366333580124,-2.2240016493885966,0.4302641603371215,0.31411738123336824,0.016702505297434243,0.3535241895632228,0.5448817279510587,0.2457038186348048,0.44832952443538693,0.25274560666741785,0.2880779788262577,0.5387237649042751,0.4398045808698077,0.44452819781465946,0.45313699902707494,0.4818277508991311,0.5379319699810532,0.5416928421066055,0.5183303096612204,0.4311259390800075,0.4286273873044139,0.5912927355016627,0.23235970360767597,0.26764229901349307,2.5084688017908023,-0.11525729902115506,-0.3515375324487618,-0.7566653418375566,-0.13840885696337152,0.7880177611721849,-0.07561102981957125,-0.004794539898018195,-0.1494452448649818,-0.734815838781202,-2.480508640447611,-1.181246914950305,-2.0980533059663244,-2.0907019336367894,-1.1538892677350008
exagpu_compile_status=ok
exagpu_compile_time=68.3981671333313
exagpu_constr_viol=0.00031743777871184875
exagpu_error=
exagpu_iter=530
exagpu_ncon=954415
exagpu_nvar=954551
exagpu_objective=548.4730480409044
exagpu_sgm_error=first solve term=MAXIMUM_WALLTIME_EXCEEDED∉{SUCCEEDED,ACCEPTABLE}; SGM skipped
exagpu_sgm_status=skipped
exagpu_solve_status=ok
exagpu_solve_time=901.2834069728851
exagpu_term_status=MAXIMUM_WALLTIME_EXCEEDED
exagpu_theta_star=-0.6616117170321557,-0.4938599702196551,-1.3719165846216232,0.18339409909969276,0.830591990608932,2.9556354806112606,0.4252630793989864,-1.3823330852115188,-0.4882115606017134,-2.999965179036622,-0.43812104888436737,-0.5975751919710834,2.9738037246727407,-0.26193636484770094,-1.7455200405976687,-2.9978549992076764,-0.08759601681544517,-0.519382185536286,2.9999940948622985,3.000002159472114,-3.4279955815657677,-2.78292813593397,-3.8057556959915906,-4.999456089597578,-0.23263516545778146,0.9485153148237551,-2.645243342862787,-1.1753512840468476,-1.4895198802894585,-4.525982740568477,-2.714345070299888,-1.4974075962529776,-0.12393700597575376,1.6937785478093903,0.19263582170996174,0.17259049269402268,-0.4433084279132501,-0.1267341919902599,0.1284489310499211,0.39415397245731104,0.6411963175778261,-1.5789651485366,-1.643753846362004,-1.7589011715976,-2.9135256793804634,-1.6931953515072786,-2.559632300192122,-1.7235831919466045,-2.540494873201632,-1.3632309469019972,-1.3721779646121193,-0.3754649941058943,0.44846816300434444,-0.3573693249642241,-0.04362188524223417,0.09077428836062305,-0.027348546182218953,0.05120021342740497,0.4277300424297711,0.3855422464124573,0.32082124400983086,0.35633998660486027,0.26343100618695875,0.3515061260039201,0.30745009967373615,0.24833125352851532,0.16592822316464878,0.2266112328058022,0.44309885057411574,-1.4884770180223625,-1.647837393227947,-2.402843921376564,-1.302058360680835,-2.4247579150277105,-1.622322611937941,-2.7782513709956893,-1.522178084752316,-2.5010163450374336,-2.3890525715764683,-2.469404142608091,-2.034382606295439,-2.5240313219285255,-2.357677038427485,-2.4843652783567567,-1.5397023145958129,-2.5203534254892035,-1.4874881320769844,-1.5354421412512942,-1.45447019608328,-1.636602916224522,-1.5139116812545634,-1.4510161380792543,-1.3431249161901329,-1.5642889836870473,-1.5491766255596946,-1.4439859553848582,-1.342408932160271,-2.129442426123888,-2.2236631978560624,0.3876063813125196,0.28754741949622536,0.038637933477717816,0.3288108699115056,0.5449947869305598,0.26581731175245105,0.4713011726544936,0.27988600554013193,0.30261563946680925,0.5522534772203338,0.44323828517769764,0.478395055033741,0.46082118584415227,0.488036308635506,0.5398933723547301,0.5404470473090478,0.5228132262211557,0.46103528393093285,0.42561339721791075,0.5554142969172601,0.23585301551058677,0.27382039631610405,2.4861091532182122,-0.10377641283112515,-0.1387500718736622,-1.5946769177333382,-0.16021770391490672,0.5633303206964737,-0.08488455296624779,-0.010332427031905692,0.0189329035054118,-0.553540485491799,-2.5667105699630084,-1.099905522823027,-2.0978631913733787,-2.050229488235153,-1.143246901448035
